109	604
2	1193
2336	2
2436	177
3	7
4259	14
4316	54
4692	119
4737	28
5153	2
5462	12
5464	4645
5465	31
5466	44
5467	12
5469	22
5470	6
5471	40
5472	61
5473	103
5477	47
5478	12
5481	10
5482	36
5483	51
5484	5
5485	16
5486	119
5488	196
5489	30
5491	74
5493	79
5494	56
5498	57
5499	2
5500	6
5505	95
5508	60
5509	25
5511	33
5514	11
5515	6
5516	31
5518	65
5520	2
5521	6
5522	7
5523	73
5526	52
5527	6
5528	4
5529	69
5530	13
5531	1
5533	65
5535	2
5537	13
5538	48
5539	64
5540	16
5541	9
5542	3
5543	5
5544	22
5545	50
5546	2
5547	44
5548	54
5550	14
5551	63
5552	50
5553	26
5554	71
5557	51
5559	37
5563	50
5566	35
5569	72
5573	31
5576	2
5577	1
5578	9
5579	103
5580	46
5581	64
5582	35
5583	9
5585	75
5587	13
5588	9
5589	534
5592	15
5595	86
5596	3
5599	6
5601	21
5602	15
5603	4
5605	57
5606	187
5608	5
5611	86
5612	14
5614	187
5616	46
5618	18
5620	99
5622	6
5623	96
5627	56
5629	3
5633	45
5635	36
5637	22
5638	8
5639	36
5640	23
5642	17
5643	102
5648	15
5649	75
5650	20
5652	46
5653	40
5655	14
5658	46
5659	56
5660	1
5661	117
5662	61
5664	17
5665	10
5667	7
5668	16
5669	12
5671	33
5677	7
5678	9
5679	4
5680	34
5831	36
6176	34
6177	68
6178	23
6181	158
6185	22
6189	74
6192	35
6193	137
6198	22
6204	114
6207	101
6208	77
6210	17
6216	93
6218	23
6222	5
6223	32
6225	27
6230	7
6244	5
6248	6
6252	2
6253	77
6256	194
6261	26
6262	11
6263	13
6265	70
6270	153
6273	72
6276	117
6279	41
6280	44
6294	77
6311	58
6361	415
6380	64
6387	15
6389	9
6391	248
6392	38
6393	36
6394	22
6397	38
6398	7
6400	1
6401	6
6403	36
6404	18
6405	8
6406	8
6407	38
6408	16
6410	5
6496	8
6497	92
6498	30
6499	3
6500	54
6501	73
6502	237
6503	10
6505	277
6509	4
6510	12
6511	112
6513	15
6514	29
6515	40
6517	62
6518	23
6519	348
6520	143
6523	16
6524	12
6527	2
6528	32
6529	11
6530	125
6531	117
6532	220
6535	24
6537	48
6538	195
6540	37
6541	2
6542	6
6543	4
6544	1
6545	89
6546	58
6548	114
6549	3
6550	166
6551	2
6552	20
6553	9
6554	163
6555	18
6557	31
6559	4
6560	54
6561	167
6562	83
6566	117
6568	11
6569	185
6573	11
6574	120
6575	1
6578	149
6579	126
6582	47
6583	66
6584	3
6585	5
6586	3
6587	9
6589	8
6594	7
6596	23
6598	10
6601	83
6602	28
6603	6
6604	7
6605	15
6607	137
6608	139
6610	116
6611	126
6612	85
6613	100
6614	106
6615	238
6617	367
6618	69
6619	35
6622	183
6623	201
6625	2
6626	133
6627	2
6629	484
6630	28
6631	2
6632	2
6633	48
6634	6
6635	175
6637	102
6638	13
6639	11
6640	32
6641	201
6643	31
6644	141
6703	16
6709	71
6713	78
6715	165
6717	4
6720	9
6726	19
6729	1
6730	152
6731	88
6734	35
6752	9
6781	22
7035	2
7041	5
7044	11
7045	16
7049	4
7051	5
7052	7
7054	3
7055	29
7056	8
7061	15
7064	2
7067	15
7068	1
7069	8
7071	24
7075	5
7077	17
7081	6
7087	3
7088	7
7090	4
7091	12
7093	4
7095	4
7098	5
7099	21
7101	6
7104	22
7108	39
7111	7
7115	2
7117	7
7119	2
7126	1
7127	21
7128	7
7130	3
7132	6
7135	43
7136	4
7145	6
7146	14
7147	8
7148	6
7149	4
7152	7
7155	29
7157	3
7158	12
7159	12
7160	54
7174	17
7177	2
7183	9
7184	1
7185	5
7203	6
7211	18
7213	2
7214	42
7220	24
7221	3
7223	2
7224	8
7225	5
7226	26
7233	5
7234	3
7241	13
7246	11
7252	2
7256	16
7259	11
7266	2
7269	34
7270	1
7271	15
7275	5
7277	4
7278	4
7282	21
7283	8
7284	19
7286	2
7350	19
7360	29
7371	30
7391	40
7397	60
